array([[153.28787879, 438.89393939],
       [196.57792208, 260.32251082],
       [323.74242424, 165.62554113],
       [467.14069264, 152.0974026 ],
       [602.42207792, 271.14502165],
       [651.12337662, 452.42207792],
       [131.64285714, 484.88961039],
       [653.82900433, 501.12337662],
       [161.4047619 , 563.35281385],
       [648.41774892, 571.46969697],
       [196.57792208, 382.07575758],
       [266.92424242, 357.72510823],
       [350.7987013 , 382.07575758],
       [459.02380952, 379.37012987],
       [548.30952381, 349.60822511],
       [607.83333333, 376.66450216],
       [234.45670996, 441.5995671 ],
       [299.39177489, 425.36580087],
       [334.56493506, 455.12770563],
       [469.84632035, 447.01082251],
       [526.66450216, 422.66017316],
       [580.77705628, 441.5995671 ],
       [293.98051948, 449.71645022],
       [521.25324675, 441.5995671 ],
       [277.74675325, 468.65584416],
       [529.37012987, 463.24458874],
       [410.32251082, 465.95021645],
       [326.44805195, 614.75974026],
       [491.49134199, 612.05411255],
       [361.62121212, 628.28787879],
       [445.495671  , 628.28787879],
       [402.20562771, 649.93290043],
       [302.0974026 , 717.57359307],
       [407.61688312, 698.63419913],
       [496.9025974 , 714.86796537],
       [404.91125541, 739.21861472],
       [407.61688312, 777.0974026 ],
       [196.57792208, 744.62987013],
       [594.30519481, 741.92424242],
       [358.91558442, 904.26190476],
       [450.90692641, 904.26190476],
       [ 99.17532468, 874.5       ],
       [753.93722944, 814.97619048]])