array([[141.52594945, 443.83522958],
       [193.12997457, 230.04712553],
       [325.82603915, 136.66841342],
       [459.75077099, 131.75374436],
       [614.56284633, 261.99247441],
       [661.25220239, 469.63724213],
       [114.49526963, 540.89994348],
       [669.85287324, 538.44260895],
       [157.49862389, 619.53464842],
       [640.36485889, 613.39131209],
       [188.21530551, 400.83187531],
       [254.5633378 , 357.82852105],
       [336.88404453, 372.57252823],
       [468.35144184, 383.63053361],
       [564.18748848, 361.51452285],
       [617.02018086, 403.28920984],
       [234.90466156, 451.20723316],
       [280.36535035, 425.40522061],
       [344.25604811, 457.35056949],
       [469.58010911, 453.66456769],
       [523.64146875, 429.0912224 ],
       [577.70282839, 453.66456769],
       [282.82268488, 445.06389684],
       [521.18413422, 447.52123137],
       [280.36535035, 461.03657128],
       [524.87013601, 463.49390581],
       [398.31740776, 468.40857487],
       [340.57004632, 602.33330671],
       [469.58010911, 602.33330671],
       [360.22872255, 614.61997936],
       [440.09209475, 615.84864662],
       [397.08874049, 639.19332465],
       [312.31069923, 712.91336053],
       [408.14674587, 694.48335156],
       [506.44012704, 715.37069506],
       [414.2900822 , 719.05669685],
       [421.66208579, 768.20338744],
       [194.35864183, 752.230713  ],
       [608.41951001, 749.77337847],
       [351.6280517 , 891.0701139 ],
       [460.97943825, 892.29878116],
       [105.89459878, 920.55812825],
       [726.37156741, 931.61613363]])