array([[197.3656068 , 280.61739557],
       [199.25916328, 305.23362986],
       [206.3600001 , 346.41848338],
       [223.40200845, 379.55572184],
       [241.86418417, 400.38484317],
       [270.74092054, 430.20835778],
       [327.07422593, 435.88902723],
       [359.26468616, 413.16634943],
       [387.66803341, 380.02911097],
       [410.86410034, 349.73220723],
       [417.96493715, 329.37647503],
       [422.69882836, 305.23362986],
       [424.11899572, 278.25044997],
       [390.98175726, 221.44375546],
       [382.46075308, 213.86952952],
       [369.67924682, 212.44936216],
       [354.05740583, 215.28969688],
       [345.06301253, 228.07120315],
       [355.47757319, 232.80509436],
       [373.46635979, 234.22526172],
       [383.88092045, 228.54459227],
       [233.34317999, 222.3905337 ],
       [245.17790801, 214.81630776],
       [259.85297076, 216.23647512],
       [273.10786615, 220.97036633],
       [278.7885356 , 230.91153787],
       [266.00702934, 233.27848348],
       [254.64569043, 233.27848348],
       [240.91740593, 229.96475963],
       [336.54200835, 197.77429941],
       [352.63723846, 188.30651699],
       [372.04619242, 184.51940402],
       [389.08820078, 184.0460149 ],
       [405.65682001, 196.82752117],
       [286.36276154, 195.88074293],
       [268.84736406, 188.30651699],
       [251.80535571, 183.09923666],
       [232.39640175, 184.0460149 ],
       [214.88100428, 198.24768853],
       [264.11347285, 351.62576371],
       [298.19748956, 340.26442481],
       [308.1386611 , 345.47170514],
       [323.76050209, 339.31764657],
       [358.31790792, 349.73220723],
       [333.70167363, 373.87505239],
       [311.92577407, 375.76860888],
       [292.51682011, 374.34844151],
       [296.7773222 , 232.33170524],
       [292.51682011, 278.25044997],
       [274.05464439, 298.60618217],
       [282.10225945, 313.28124491],
       [291.57004187, 308.54735371],
       [310.03221758, 312.80785579],
       [330.8613389 , 308.54735371],
       [341.27589956, 313.28124491],
       [349.79690374, 296.23923656],
       [336.54200835, 276.8302826 ],
       [328.96778242, 232.80509436],
       [  1.85589986,   1.79120335],
       [637.14410014,   1.31781422],
       [  1.85589986, 477.07388076],
       [637.14410014, 478.020659  ]])